0.32635353309416115
0.044759417096417134
0.4375065593065108
0.173897842280901
0.07522418819203393
0.5649539744705404
0.12462577937929047
0.28696810860744587
0.4011001807086997
0.09267488071982773
1.0316717309982102
0.21328997120106116
0.13709026559730145
0.404611114561234
0.02063189801629051
0.8590884462127266
0.27468458101627446
0.29571697266538716
0.286235064198265
0.4213150025047645
0.12368839616743567
0.1793513098882102
0.21754811015043998
0.6697157499338794
0.28475849682920457
0.7025934549499019
0.07042328311739536
0.14209614778611088
0.2884467399182475
0.23001069944617958
0.4356603296695315
0.21579147283949313
0.19160559622457807
0.07580008252664987
0.09707893375889687
0.16994087677919942
0.15833245497639364
0.7959566565135402
0.13644264499614228
0.08154476501662089
0.37763162153120533
0.339391877858826
0.24834411098516102
0.01823521055750499
0.19436703789625576
0.0702811987255949
0.15036841089526815
0.3801408015890579
0.3373460807121733
0.008515127078801941
0.07232744945120631
0.38158821192331405
0.20900094646837267
0.2755806880690209
0.32535280279887985
0.372841070862573
0.31564186960022533
0.16732291260979487
0.19909808122296663
1.1498786870135105
0.08329132112772883
0.4938185978674977
0.21279151722133327
0.5000667813754733
0.18607757386064233
0.3035547988564985
0.0501350296828639
0.15917961356485588
0.2687746750427419
0.013943191486228745
0.2285422237960681
0.20988390150425765
0.1920941152998491
0.3883830103261466
0.007230290112153537
0.2101402783261425
0.16188740403755286
0.15130474208935268
0.030278000236305537
0.29306683720357457
0.5429089631645302
0.3914566397527528
0.5333320592652475
0.04201473208343959
0.7709891657207912
0.09821779361831681
0.1783393453041532
0.3480395231181096
0.3937783433234545
0.35598231278926273
0.14974090895448172
0.2684384818379987
0.15012593682811873
0.5800463731096048
0.2518261156614596
0.48219062134966134
0.9112608596891947
0.2862832533188302
0.41703071265066743
0.0982851403654658
0.4684061556798511
0.05900943060065325
0.8278791572238872
0.32515952328018705
0.01706243801900431
0.1229170810706397
0.17598576707972804
0.10653415190113756
0.04536958718162042
0.17559060016887415
0.29401510083764537
0.11825249456101207
0.038380860210428636
0.3721102291423152
0.5084249158090917
0.4993993122211896
0.6668608396022426
0.4549754541060356
0.33314633669500743
0.6097333705278625
0.48871346050686665
0.4086078929051435
0.15759004801791276
0.2868630628943502
0.45350382880272044
0.4615236316440957
0.21931471943176833
0.9437485092730684
0.32374377906644936
0.288040234581301
0.014145749383196305
0.13195806107487598
0.33814139656322795
0.0705310130541856
0.5215859793584245
0.1954591501345567
0.12503951950157438
0.16496452590444322
0.004920412608088454
0.027207072849982028
0.03653762264534466
0.24680992625800607
0.46182555447407303
0.2119117931874025
0.34042132298030336
0.8568409576592902
0.048132880877893344
0.7055125096811645
0.6093528135957651
1.0935311541950041
0.22396489633700217
0.31682539491339945
0.17107567683427222
0.14558685581550637
0.02599572546576145
0.05337920344989379
0.24729728283240354
0.6841181926010417
0.550516490971206
0.13053711665200493
0.1589829810317971
0.002395142089676436
0.8743689546513873
0.42679272598518136
0.1039197455441894
0.12629602964228653
0.05416505212624507
0.16329595601815622
0.528522040785115
0.14294532697974177
0.3052684536050624
0.4144075911510502
0.09925108621509791
0.1366564765130962
0.31578753582806035
0.11127868718508878
0.032182569573063646
0.4572918719311619
0.04448924248897104
0.09978315053122522
0.37912265308892135
0.12597963985484487
0.7133739646353895
0.45863536081438866
0.7141979257391715
0.2733880487878455
0.6533674203065575
0.4498776827178344
0.0346925879496883
0.08475045764049745
0.4185872465754726
0.030510055448893486
0.2512187181862375
