0.03818160875975045
0.7002493938310833
0.10609797699431925
0.6390142750290135
0.510099796248314
0.6045239480795339
0.39978459193724813
0.07252701972055024
0.4708345991285946
0.7137955763611435
0.06564439497275118
0.07451451983899265
0.4282397763773984
0.43564555251456794
1.0403045615801474
0.312479477580954
0.36040878065935217
0.4823712381964448
0.5329097528986868
0.5231525298908607
0.4023354459335518
0.838412764501117
0.09026125288334153
0.5172569417828451
0.0841462938996083
0.2855257819335553
0.7037046613288401
0.1430857452400227
0.2063575218407353
0.49577042973822794
0.34570895088736386
0.8116367800196622
0.7518081127964606
0.024387501266844025
0.47341961939478183
0.3021298153130312
0.08532019415923323
0.09229884854297996
0.15398316474385848
0.5700924287809673
0.35909434085297864
0.03384816463177429
0.18492121766926972
0.07389786523842662
0.06600326496784899
0.8859668347066095
0.6048306954253739
0.1670365386862894
0.7316146462528466
0.1738191684969659
0.7026153101337957
0.17154704115167527
0.8275803669155737
0.44439394590662434
0.0191627215963088
0.13331951054493443
0.8884348557504596
0.4027640915875545
0.4131354623945612
0.25434924085036303
0.22922082815492942
1.1590416304460986
0.2584227132493251
0.5314169169618451
0.4681522144185836
0.18330994330990377
0.3198382287563988
0.2406475214235415
0.3189959764181307
0.17711688508389947
0.6041709652808486
0.03712974060402105
0.37936683706651947
0.04750697192651751
0.02786495528786463
0.4769598089720307
0.8416459893483469
0.5202588361601957
0.435491937350517
0.03163203122522626
0.15040300953587968
0.6634174940848145
0.7093217918686019
0.6372588925878765
0.22810691107406897
0.17627013948675624
0.6527080539774112
0.08939974970679132
0.08306156060776498
0.4541897163568409
0.11573709406888974
0.10677074557332727
0.2025971172430025
0.5355480022926792
0.2698207440728285
0.07790505925910285
0.6450621991659437
0.5809483480459453
0.1425215940431627
0.6489905608858477
0.8505230662385734
0.16593049075791264
0.14824181705734682
0.3850530813904701
0.44054093632502345
0.5601944771315479
0.055557137741912344
0.3495399352419496
0.3331167475772344
0.0707740196295768
0.20633615284804774
0.38415275574475505
0.617053366760617
0.5496126524786461
0.16006652959762896
0.658382627640756
0.6582358521547667
0.1599016771717376
0.15681087765819315
0.44608865108163614
0.31014000036472517
0.5857407913831392
0.22402093802021036
0.6565602930006893
0.7257340514819488
0.22384239186823382
0.0650107886645207
0.5657380402076713
0.35354957451620916
0.3584048126876897
0.0731063689539815
0.05931369873693876
0.44295841043426076
0.17253505908550945
0.44496291983876113
0.8540959467954463
0.34660015462624005
0.5789441998651432
0.3323904692951618
0.4966228589490527
0.09143650319137457
0.7507085111109371
0.806057350386725
0.2789001782249619
0.7708771702659853
0.4329395812181405
0.3588893817155532
0.6284235154389409
0.05582644210066514
0.5164461734736101
0.5815505274412597
0.16387622550105946
0.286127426027523
0.5223267310804098
0.21897380712315523
0.2957984332178589
0.22006869678375812
0.016497411881586196
0.039671168941359365
0.3831498359798057
0.7421760760023262
0.36633172918720946
0.35600000018975664
0.2986052344134118
0.449279131272016
1.1554425451940622
0.37971673493480274
0.37812476170938736
0.02957132710305323
0.05565488356224744
0.49242032406987135
0.056874042371549
0.25022758860159655
0.41101072016742835
0.7499179658194852
0.23053282678525097
0.10982228996920786
0.5996016395385626
0.38367892852675695
0.39121179688296176
0.08739493651915364
0.9227983336870036
0.14304449851756257
0.2384184407508667
0.15413189135097533
0.1478401010502252
0.5904950832203992
0.044974326224263346
0.7489537550234286
0.2801136378923908
0.11381005170786071
0.3742407351938742
0.550842714618715
