0.2469702963872876
0.42849044635927996
0.17829778818007402
0.3182819583121702
0.6773767939487043
0.4649444023711469
0.6934413906899722
0.4234373574151674
0.6587235067114363
0.8410806513790016
0.18711268946121393
0.3633139364407413
0.0803766228907942
0.23806925814758506
0.24445712649083168
0.5665556221060265
0.5175007702063781
0.0028876602687195633
0.42033185081475155
0.6114064173423452
0.24321120177479824
0.3210038751479162
0.4213170090908652
0.3254591961956247
0.11368554538350491
0.4564562217395099
0.1481074865990848
0.2991380049605427
0.4249412709311729
0.7545886698353754
0.2665781424611852
0.15163850215140878
0.7763406928512693
0.8606027782297938
0.5049460830867245
0.38199522902589944
0.09127416271457116
0.19698765008954625
0.49336233797521745
0.0020727317111544803
0.987246578668431
0.5642728939792019
0.11415230685666292
0.2517046005540312
0.9814474492006777
0.2838835681737185
0.4821759710799196
0.21782996359738055
0.4486938411969635
0.4963444221355301
0.18541435968384984
0.11235868468060636
0.8889153191762402
0.49580737840383315
0.10078953952337796
0.13808827921881633
0.5287818598561935
0.20242381503883922
0.2242045571438089
0.374549215912639
0.018162230825355924
0.6359769294610467
0.3820863614218389
0.15180755126869327
0.22005994493445846
0.021876604238748296
0.14843247701855053
0.12670865556458918
0.2751237568004238
0.4043165844714833
0.22790051591126317
0.7885973224690753
0.47098013686371387
0.6381673892399711
0.2598847235050269
0.26587812815315137
0.295642439563043
0.1668563975706583
0.20071801232820094
0.0608781480929136
0.1727631849342356
0.03724047014834227
0.17179444338514993
0.3525223213266814
0.3012710598382282
0.00999712501049156
0.002901744968360126
0.40146592922781243
0.12392195520865025
0.4505824100852836
0.16560928573088762
0.2319259509683044
0.5889371775602497
0.31182759025414386
0.01911636205758618
0.04797038306014109
0.12231039777663111
0.00382043078979305
0.04835149055623935
0.4930558456381962
0.72286624470766
0.45298203239113577
0.3801454592301238
0.030934155537670933
0.06915914681088682
0.10485390753081349
0.7413834519810792
0.6198884181753976
0.005209792592995616
0.2100988715063278
0.054498602757433845
0.3707090992121402
0.7869962039210957
0.6293012783992384
0.30535139506616576
0.4231866390361946
0.2618357138263818
0.14290645817774253
0.7449154146864635
0.07762159139152928
0.6186533496209098
0.20285402961133267
0.4557680639876644
0.012078460795126061
0.4000785087020341
0.5777124934806444
0.30126914042109376
0.4115248136907936
0.31429629579787094
0.2608995136490194
0.00026960772713519043
0.7856518267152663
0.14533471068890902
0.035530929509928075
0.157886124989215
0.43423072977974214
0.3863251007148454
0.04252536082221711
0.21976862325700727
0.5251757689457113
0.44164839093614533
0.26348913384398936
0.23840989842306665
0.25590070375087814
0.4621585562910588
0.11277363319275183
0.4880190439182999
0.38804782943562655
0.46058711471771085
0.049204905510319974
0.17869718947097235
0.3430582608426077
0.12133362231879569
0.6701128364386177
0.5234586480430453
0.15179132624240707
0.25365826741872904
0.1574440958123355
0.3472135104244234
0.06374743944323606
0.22924581560433696
0.2874628426598629
0.11703368938683498
0.24276987600758682
1.03279287783883
0.4551886578654827
0.2014541253120038
0.16888456858045653
0.13835098070985102
0.025852871916348608
0.010373638767725263
0.5615294999903503
0.04468937802990381
0.2682545444820578
0.22078602459664978
0.5286529546532354
0.6120065133207433
0.15685299592417412
0.18692207731917207
0.18135519725692967
0.21760860879958888
0.1075234598985329
0.02128521077860543
0.024916563433206015
0.18500037276315812
0.5445065845364455
0.6805907623023632
0.06421399831830182
0.46439533345356226
0.23963526520217934
0.17161134796240035
0.04032505534637741
0.32715881468285285
