0.6476013203036253
0.01187080293878999
0.7027521337231466
0.8268865262990467
0.037093751971175155
0.08455961369451187
0.45188374441007445
0.4136345592741638
0.04286642505097263
0.6987159166515701
0.260444546344978
0.8976357013248009
0.6118962648864674
0.05448220564813333
0.11237276929516593
0.27047035461596575
0.5270806443916971
1.0933830071921475
0.2971944477642299
0.005243050769128056
0.016499806880414428
0.40251917955242067
0.9845547808838856
0.22220619090599114
0.12176036733140541
0.20377306094492867
0.86490863960555
0.26680620746156314
0.21357217513908297
0.4562398928657516
0.695286614302093
0.9843807113103955
0.004465499455603858
0.11943033816713039
0.7654973903038017
1.0600954636254218
0.7538887064229179
0.05688685058833623
0.03462859188857896
0.0619228032733713
0.6275208422493251
1.2370211466559407
0.38353629352312246
0.778599898953659
0.44988590010857704
0.4538989600129168
0.36140639380213485
0.14318982143492187
0.14202878524424856
0.11313016658772543
0.3471837522731363
0.4814041513395807
0.06028123648512042
0.26900539721394945
0.10269858419477561
0.3767523372560939
0.43509811815158517
0.05316194833164864
0.01036631496988773
0.7340813180269457
0.1891533592546376
0.6564669981224754
0.4307424723542749
0.6977901294638839
0.3634785939405828
0.04473016675156178
0.07080269526443571
0.22321478294743263
0.44363799425674133
0.5647450888378739
0.46120054358401624
0.7665088711389343
0.1628381753366257
0.41547824234701314
0.2667431464391139
0.04107101580040324
0.05416302240550546
0.12235509016713832
0.8034137868657438
0.00211269337841697
0.5702166067662442
0.4693617952594364
0.305513374023573
0.11581855497280309
1.105186947849531
0.9051993652795005
0.8254729975210295
0.5459324615940251
0.01777811844579871
0.9253634938021156
0.8411924346623083
0.0346448040517681
0.8320747222164291
0.013604815416446914
0.27748612170708653
0.31580957835309376
1.3649116516164912
0.3885898673565821
0.6911226334776882
0.043512550571465615
0.09091652600221972
0.8326697902406142
0.22238534558675452
1.001176438345879
0.9728615669872525
0.34382040765072996
0.04833863094120091
0.03638444461962035
1.0391889451404799
0.07529748694418892
0.5112760031140431
0.7530746508245652
0.8599080567072814
0.8610591602938096
0.07553268938789622
0.24758783439486196
0.2870477098330695
0.3311962897910097
0.047256595977772736
0.38506528078208746
0.05432993381992259
0.894498059646427
0.32043498332072257
0.3478544631805154
0.33274998312949655
0.574318890752078
0.44624744704546926
0.29992312464164567
0.14952798957379132
0.6591608200988639
0.17925132756412504
0.010047933052963892
0.05984096514761791
0.5071223864870704
0.08814037830686541
0.2800658215114936
0.5136226350150004
0.08456713068421831
0.42969417770930446
0.07216041760871059
0.1466557512789856
0.14170329753934008
0.28127373847106696
0.010874951615436574
0.06481888055688448
0.12353917686682699
0.05761837291465726
0.9190903213464738
0.23220107700650866
0.212289014298825
0.609876145769129
0.142784350721754
0.44248964886817727
0.6201644110759065
0.8471134143807875
0.50118588851506
0.880172207483225
0.003635182937748933
0.19027167325550692
0.6048622456306002
0.1543938218186714
0.009146798241511142
0.527672480866427
0.07665086868388449
0.09283318455167412
0.005469169736936244
0.32562621119353136
0.08934726287082657
0.02147463549047153
0.03005911617727757
0.7685762821254999
0.5156330133889773
0.0176389305906583
0.6557502173479843
0.08512244392034672
0.12259854536007243
0.2342089671387421
0.05651656966514404
0.5770905163416473
0.032186912833574305
0.12945898403728395
0.8596245517203625
0.014069726810528597
0.10175408228099105
0.4029214869098025
0.10444289701752266
0.0797323477512403
0.052920834208935695
0.6731416010083351
0.7026133659155387
0.6810664159974498
0.6778746362086263
0.5235182098616239
0.764575445001997
1.0950964912125025
0.5279988708485972
0.008946726692030777
0.005159998156098735
0.652536409821789
0.000988824997881962
0.06314105324486795
1.1189887707645838
0.3210332637988913
0.8746134296670012
0.02519574601552907
1.063700658798223
0.7992407685412061
0.08210696651917748
0.4181534907456004
0.4563524681298978
0.5782459122655313
0.49969969370801554
0.25588012981664915
0.05744969506410816
0.1601405890167401
0.08920784528666952
0.8094956365969435
0.035316780944988316
0.23432840456720194
0.08022661173896582
0.4950212240711008
0.5067570858062171
0.6639448156978462
0.1260865161226338
0.7137460344691844
0.5006429481083436
0.08541619565551269
0.4921821219230525
0.09892611801477644
0.2623875334537681
0.5566094615113529
0.028153424922553794
0.08505460689162837
0.578612345959723
0.6160318900353974
0.5819575084066293
0.03465894080944427
0.03195230341874433
0.3252260182354249
0.3175828177369909
0.11883640671123159
0.0065907082442734155
0.2072744285451139
0.00983823293423013
0.2333728897876584
0.17413737011624225
0.782646482446525
0.37396861943020554
0.5982481022795519
0.060277285267190256
0.1573176837837401
0.38452993803326685
0.0659430031497218
0.2801235508126823
0.42383063731351717
0.2412810152076348
0.16939556598044944
0.40200376002007554
0.5599609414883758
0.08404028482891146
0.3284578519619458
0.11835569858835313
0.2738090729522725
0.05339109599444248
0.6324885940327097
0.7832517800152615
0.08339348893628427
0.018240753403250903
0.10322967047048996
1.0148092299196043
0.03177949111995141
0.3192196594019432
0.1405226190122967
1.0751997766382568
0.8549897209729536
1.0435761429780486
0.09634497739855001
0.02379803285304576
0.10795171565951846
0.019607772332728937
0.06673195348741401
1.3967162495154941
0.475719480487812
0.7973650862905834
1.109922170561868
1.0843586259986455
0.7496827561600947
0.16321368667584427
0.1018806670164541
0.48053289988405873
1.1209507062931947
0.7562761815232437
0.6776060082258483
0.015199629772264555
0.09252076664921721
0.4062793570227538
0.6510573675228586
0.8540977913962944
0.448434345900851
0.1966303605801749
0.25466637641482287
0.00246885942860392
0.2530302933352848
0.41996031182223753
0.6364523105857354
0.49249509108578315
0.019867148686730556
0.8351426977070233
0.22726835084051733
0.6064740853302635
0.03551717119930452
0.5913388824319663
0.08158525018527252
0.004944879654450878
0.5165631391840593
0.6643326740002631
0.011355471392713444
0.7944115586249525
0.3222111841316235
0.4559140765111615
0.1528510518754116
0.12592413026788152
0.26680284244521246
0.39293345486804004
0.7253878175723775
0.4521411107894863
0.468768202034315
0.03914927220039011
0.3217111552125358
0.40317046259698197
0.21627626414201384
0.5044336982263812
0.09880503168626334
0.3538183869514857
0.4291136475086197
0.4989244581477027
0.26414257002341857
0.7137349502026445
0.2933631666288742
0.8289687456520511
0.35586773524057363
0.10324880277286175
0.1442309697523056
0.7213761670592543
0.3701937764641973
0.16243895261442484
0.18738784285706964
0.14488511117393882
0.44573037938409654
0.28616686552747195
0.05546476976895156
0.38266449216902343
0.04141891541155717
0.13601856310595795
0.06024054419630687
0.09956807792878578
0.025749020603736853
0.02563502204065718
0.8599631335797013
0.01404631404942358
0.02195203397960428
1.043543642084778
0.03297237885156006
0.01498080154357862
0.006734588291810335
1.037150029097845
0.013052773422735846
0.12241734674855703
1.1098004782128357
0.6848064113863621
0.08067486705118311
0.37549886452749226
0.8077069291712693
1.2054280783227314
0.01736136919610116
1.3856466806479812
0.20652377743849165
0.9887367842076868
0.7771201663287728
0.868370016152171
0.28912158667572746
0.1277590360256592
0.4073444641253853
0.6912887448468402
0.012958640929159854
0.22053735190349666
0.07088629070827347
0.3059028570197056
0.143645878298391
0.1747964569985419
0.10033801752200433
0.046540535715275555
0.10835651254177767
0.5814237952492566
0.3297914966609756
0.048808561192723116
0.004266486925641512
0.06810806731614713
0.3901730544990717
0.18429675709280433
0.35337973470279516
0.7702228175286875
0.1820177921364953
0.3499454746155992
0.060544459904864324
0.21736955292793986
0.15052542714657546
0.01403730194153542
0.08076182931615547
0.1879413716541047
0.2599021669945759
0.1514873684021926
0.24753167264521764
0.2687376144476191
0.07330188184236937
0.09695289091206719
0.14251067895049752
0.2597318002185452
0.6914346168551748
0.26121531073334414
0.49153856105698035
0.6860201750681312
0.07979625394940637
0.4586050075519847
0.6575888981599961
0.15333265269629795
0.06456899808911638
0.7054846773021115
0.8655811529245303
0.00936824674393007
0.6187421440466718
0.3235375280056806
0.1715779077162186
0.40013936097167097
0.2995396894311486
0.29947284249101314
0.4760948453534572
0.44159718977408224
0.2711694454281604
0.08131343499169236
0.47042144022985366
0.0433665281370257
0.3828440568779231
0.39739815063848605
0.29937133696608076
0.5093018690579546
0.7781048085108726
0.4852416306877788
0.5033870810007709
0.3868018880400367
0.6928155537855781
0.13665261904152587
0.1053583247292479
0.15566400716178241
0.29568737754472574
0.08919259646742117
0.585822126067164
0.20031273888979007
0.5397269626632977
0.40882593660216837
0.7297003694520439
0.034670769432716346
0.19879382646520144
0.5651581745587364
0.41467952397089647
0.6005131154474124
0.22598569843551777
0.18512009661787104
0.01212052628044595
0.1814574101656819
0.36476496448079276
0.48611910187355034
0.07203692950307694
0.03241579237895524
0.09515010141635975
0.2936795481651534
0.27381662863123984
0.1806012841806024
0.12373059398386879
0.4647355745869413
0.038620414843994144
0.10303401064137878
0.30457086132792793
0.2223282836946181
0.6818519673614849
0.3924543014078316
0.33791586256162426
0.3827907485016714
0.050960270533853734
0.05763760050339735
0.09049546622543968
0.35579971486797757
0.050637184501372765
0.30035712456072206
0.18107277673452532
0.27734864096936923
0.0779530585027389
0.003481836537709636
0.0668912166497487
0.038616677423901236
0.12600117907944416
0.4970181107248418
0.34654943552091905
0.5443026309030057
