20.812760591506958
19.26287078857422
22.915907621383667
23.322704792022705
19.80586862564087
20.763936281204224
20.608073234558105
19.967252016067505
20.233216762542725
20.240110158920288
27.469247102737427
20.120110750198364
20.16789984703064
23.10490131378174
21.467860221862793
25.35441493988037
22.392371654510498
21.193713665008545
22.54487705230713
22.912670850753784
22.61916708946228
22.135249376296997
29.15875816345215
21.08345079421997
23.025766134262085
21.953463315963745
45.93893265724182
21.322489023208618
21.678914070129395
27.330050706863403
23.151652336120605
21.429572820663452
21.260867834091187
20.589576244354248
23.856430768966675
21.50784969329834
22.42461347579956
22.758132219314575
21.412708520889282
28.817931175231934
22.31607174873352
22.41553044319153
20.833847761154175
21.262655019760132
21.030643463134766
21.220023155212402
19.633310556411743
19.325316667556763
20.819387912750244
20.11303448677063
19.13292622566223
19.447017669677734
19.89578604698181
20.921348571777344
22.11275315284729
23.13029456138611
20.80687117576599
21.12674832344055
19.562129020690918
19.86103582382202
20.27038836479187
19.445600986480713
20.099010944366455
20.287243604660034
19.06855344772339
21.872300386428833
19.993778467178345
19.655038356781006
22.88106060028076
20.16510033607483
19.58222198486328
19.930036306381226
21.026604890823364
27.246788501739502
24.440301179885864
27.837748527526855
24.641087532043457
23.767444133758545
24.962201833724976
24.936359882354736
24.335286140441895
26.61530637741089
23.663516521453857
24.44479775428772
26.254987716674805
23.068724393844604
25.182148694992065
27.269859313964844
25.242947340011597
23.817780017852783
25.946214199066162
26.154435396194458
24.344424724578857
24.60410499572754
24.88447141647339
24.26047396659851
24.91558051109314
24.320935487747192
25.57624387741089
30.13779091835022
25.157836437225342
29.38049340248108
28.14067769050598
25.12842297554016
26.330037593841553
25.673187494277954
26.42664074897766
28.22017788887024
24.496259927749634
27.224678993225098
27.492259740829468
25.094355583190918
28.643737316131592
25.314006805419922
23.547635316848755
26.994020700454712
28.312283039093018
24.525671005249023
22.384947538375854
23.950908184051514
24.07448387145996
23.055705308914185
32.24451994895935
24.707985877990723
24.813323736190796
24.428467273712158
26.203757524490356
25.814955472946167
24.78778839111328
25.946134567260742
27.828404426574707
28.574286222457886
24.356377601623535
23.011791706085205
23.09695601463318
19.194267749786377
20.203091382980347
20.94193387031555
19.641794443130493
19.72121500968933
24.431573629379272
21.723800897598267
20.29356551170349
19.867542028427124
21.94452953338623
20.31039309501648
20.869474411010742
21.983694314956665
19.86485266685486
20.327478885650635
20.709349393844604
20.87822437286377
20.055011749267578
20.21414589881897
19.38640332221985
20.1221022605896
20.56163001060486
19.975799083709717
20.694514513015747
20.082085371017456
21.6668438911438
20.538190126419067
19.79688858985901
20.295342445373535
21.428913593292236
20.225137948989868
20.69918417930603
20.209648847579956
21.687961101531982
20.299121856689453
19.811938762664795
19.473731994628906
19.93143892288208
20.71492576599121
20.582233428955078
19.24329924583435
18.802225828170776
20.310739517211914
20.55821967124939
19.715306997299194
20.661622524261475
19.55856156349182
18.983057737350464
28.930112600326538
20.415789365768433
24.422099351882935
19.493565797805786
21.010634899139404
21.325007677078247
20.21070122718811
24.642165184020996
21.66779923439026
21.681060791015625
