14.782379150390625
7.259334325790405
13.690798997879028
7.110086441040039
13.054835319519043
7.257690668106079
13.2309889793396
7.020654201507568
13.246011018753052
8.324196577072144
13.075972318649292
7.247106313705444
14.605501174926758
7.31007981300354
13.442535638809204
7.929265737533569
15.567198038101196
9.267289638519287
13.499480962753296
7.539272308349609
14.618736267089844
13.165488243103027
14.2472984790802
13.56942367553711
13.782399654388428
13.634458065032959
14.552576065063477
13.818288087844849
14.48438310623169
15.557246208190918
23.292011976242065
22.325050354003906
19.958418607711792
8.77012848854065
10.784094333648682
8.557610273361206
8.913696050643921
9.761115550994873
10.169174909591675
9.806519508361816
10.35392141342163
9.735494136810303
8.189252376556396
9.800424814224243
7.891091585159302
13.80948519706726
7.405775308609009
13.398110389709473
7.739546775817871
14.112459421157837
7.548995733261108
13.694653034210205
7.479833602905273
14.32866358757019
8.030379056930542
14.965380668640137
15.608222007751465
13.26498293876648
14.690946578979492
7.383800745010376
13.91256070137024
7.863708257675171
13.524737358093262
7.244536876678467
28.3482186794281
7.09791374206543
15.046575546264648
15.045387744903564
14.496006488800049
15.214738845825195
14.061381340026855
19.4491446018219
14.562477350234985
13.86474061012268
15.04833698272705
14.662282228469849
17.299495220184326
32.28435397148132
14.323363542556763
16.265259265899658
15.791674375534058
16.291823148727417
14.58615756034851
14.549453020095825
20.813096284866333
18.750728845596313
8.294590950012207
8.628337383270264
8.939507007598877
7.88838791847229
8.000840425491333
9.002651453018188
9.5528883934021
9.606260538101196
9.687323093414307
9.38469934463501
11.705466270446777
9.868074417114258
12.809013366699219
9.97401213645935
9.752997159957886
9.85902190208435
9.073062419891357
10.39491319656372
10.290140390396118
10.45235824584961
12.10841703414917
10.301918983459473
9.252610445022583
10.442778587341309
9.816559791564941
10.201759815216064
13.567106246948242
11.562020540237427
10.536952495574951
9.460466623306274
10.113564729690552
9.78276538848877
9.54125452041626
9.680616855621338
9.574520826339722
9.472079277038574
19.632004976272583
18.117706060409546
19.06399631500244
17.2198166847229
18.657472133636475
25.794129371643066
23.082746982574463
22.79632329940796
22.558942794799805
22.72653079032898
28.82406258583069
22.840183973312378
23.251267194747925
21.4027316570282
21.89905619621277
22.698241710662842
25.82978844642639
22.496184587478638
23.39189648628235
22.28066325187683
21.752092123031616
21.512062549591064
21.328557014465332
21.40721321105957
20.083937644958496
20.96389937400818
21.320470809936523
20.4963800907135
24.95359206199646
22.062024354934692
13.96827220916748
13.489978075027466
14.086477279663086
15.591803789138794
14.515930414199829
16.972288131713867
14.5122971534729
14.3735511302948
16.129131317138672
14.76705026626587
14.891350746154785
14.163619995117188
13.970778942108154
14.561802864074707
14.898239850997925
14.87226128578186
14.70288372039795
16.945372819900513
13.7406165599823
15.346363544464111
14.01413893699646
14.273661375045776
15.587081909179688
15.167979717254639
14.212196588516235
14.382743835449219
14.023901462554932
14.434590816497803
13.735970735549927
13.894203901290894
7.557469606399536
7.5216662883758545
7.145143270492554
7.9837117195129395
7.253170728683472
7.146633625030518
7.434204339981079
8.520698547363281
7.185648679733276
7.3921167850494385
7.129432439804077
7.824245452880859
7.601832151412964
7.245159149169922
9.925055503845215
7.435744762420654
7.193024635314941
7.151444673538208
7.302992105484009
8.608832359313965
7.110227584838867
7.2794435024261475
9.866742849349976
7.0638227462768555
7.621508836746216
7.117969512939453
7.412458419799805
8.503056764602661
7.263104677200317
7.5873870849609375
7.35111141204834
7.406177997589111
7.071304559707642
12.923062324523926
13.45518946647644
13.677653551101685
16.837024450302124
13.887150526046753
13.466078996658325
13.265591859817505
14.097713470458984
15.019834280014038
14.93746566772461
13.470999240875244
14.247288942337036
13.827418088912964
13.245490312576294
14.3412344455719
13.299501419067383
14.371357202529907
14.263029098510742
13.657272100448608
13.781447887420654
16.073201179504395
15.78850507736206
13.06368088722229
15.053611516952515
12.566030263900757
13.962260007858276
13.749665021896362
14.368846654891968
13.6398286819458
13.977458000183105
14.687533140182495
13.330817937850952
13.5915207862854
15.00300669670105
13.467334032058716
12.823057889938354
13.958397150039673
13.242784023284912
15.195129156112671
15.109407186508179
13.659759044647217
14.108947992324829
15.071974277496338
13.998875141143799
13.51379108428955
13.665791273117065
13.27562403678894
14.303831100463867
12.834474086761475
13.303205251693726
13.371745347976685
15.929346799850464
13.857263565063477
13.479481220245361
13.207209348678589
13.829678773880005
13.421888589859009
13.09713625907898
13.451059341430664
13.695197820663452
9.37822413444519
8.130195617675781
7.75003457069397
8.026939630508423
7.4076642990112305
7.813201665878296
8.797731637954712
7.681858777999878
8.079569101333618
7.405334949493408
7.716636419296265
7.445046663284302
7.933314561843872
7.705703258514404
7.796795845031738
7.567001104354858
7.175994634628296
6.947922945022583
7.156012296676636
7.905989170074463
7.947854518890381
7.494653940200806
8.131511449813843
7.911062002182007
8.07686734199524
7.755375146865845
7.916073560714722
8.717273712158203
8.6283700466156
8.139344692230225
14.450285911560059
14.467111825942993
14.48225712776184
15.27022910118103
15.241546869277954
17.5947208404541
15.895174503326416
14.113410949707031
13.819990158081055
14.732077598571777
14.573611974716187
14.074103355407715
14.471190214157104
14.597192525863647
13.888884782791138
13.64708662033081
14.964887380599976
13.473053216934204
13.946295261383057
13.86979866027832
13.913970708847046
14.264079332351685
13.5516037940979
14.807710886001587
13.594513893127441
14.79507565498352
15.929027080535889
14.824474334716797
14.593595027923584
19.432673692703247
17.129503965377808
17.322664737701416
18.84806180000305
16.670650243759155
16.17847514152527
15.96482801437378
15.942206621170044
15.119833707809448
15.402856349945068
16.89110493659973
15.73796272277832
17.197412490844727
15.217448234558105
15.92503571510315
15.247238874435425
16.310337781906128
15.681337118148804
17.522557735443115
15.415483951568604
16.69030237197876
17.702250480651855
33.41284894943237
15.461016416549683
15.969898700714111
16.952513217926025
17.86798930168152
16.191443920135498
16.601350784301758
17.251766443252563
19.424138069152832
10.527954339981079
8.388615846633911
8.56712293624878
8.535244226455688
8.373334407806396
8.752055406570435
8.473252058029175
8.63406252861023
8.47310209274292
8.577363729476929
8.476932764053345
8.473199605941772
9.439902544021606
11.67699670791626
9.006261587142944
8.802390336990356
8.479195594787598
8.184364318847656
8.007920742034912
8.383009433746338
8.542181253433228
8.264539241790771
8.70067572593689
8.041030645370483
7.901228904724121
8.010385036468506
7.666110277175903
8.033304452896118
10.227144956588745
7.915615558624268
17.775145053863525
15.085727453231812
15.60632610321045
14.723855257034302
15.739766597747803
16.38497543334961
15.388767004013062
18.340302228927612
15.195051670074463
14.773677349090576
15.184280157089233
15.77570390701294
14.938201189041138
14.543489456176758
15.35786509513855
14.972293615341187
18.96400284767151
18.3256893157959
18.42200231552124
17.25489068031311
17.676145792007446
19.444374084472656
18.09813165664673
18.738887310028076
16.75972080230713
23.17983055114746
19.020968437194824
21.066539764404297
17.08061456680298
18.95387625694275
16.21822738647461
17.036742210388184
18.547082662582397
17.280996799468994
18.899988412857056
15.96754264831543
15.94925856590271
15.997860193252563
16.637646913528442
16.990110158920288
16.95076298713684
15.927144289016724
17.37817931175232
17.99967312812805
19.27265453338623
16.515543937683105
17.648335218429565
17.021170377731323
16.501524686813354
16.586432456970215
16.40981650352478
16.464454650878906
16.245497226715088
16.4672532081604
15.83116626739502
16.493715524673462
17.710432291030884
16.35071635246277
16.433478116989136
15.973560810089111
17.47112202644348
14.987726211547852
14.26515817642212
13.122884273529053
13.360535621643066
13.01175332069397
14.18259048461914
13.120156526565552
12.883369445800781
12.639678716659546
13.075961828231812
13.832778692245483
12.409296751022339
12.847805738449097
12.935874938964844
13.458537578582764
16.30159068107605
27.027977466583252
13.432188987731934
13.20807957649231
13.021382331848145
12.825797080993652
14.415918827056885
13.398475646972656
14.15728497505188
14.699772834777832
13.129643678665161
27.056461572647095
14.078526496887207
13.259718418121338
13.455687522888184
13.523008108139038
13.560661792755127
16.077484846115112
12.887972354888916
12.960720300674438
12.998865127563477
14.860852479934692
13.2477445602417
12.532113313674927
13.458703756332397
13.172630548477173
14.066094875335693
13.80003809928894
13.220124244689941
13.256430625915527
12.9336576461792
14.635615110397339
13.199354410171509
14.942940711975098
13.303308725357056
14.819665908813477
14.065992832183838
13.503304719924927
13.723392009735107
12.830214500427246
15.374611854553223
13.20596718788147
12.795918703079224
14.018274307250977
