3.235212564468384
3.0068087577819824
3.303964853286743
3.931473970413208
3.368299961090088
3.1940383911132812
3.1429224014282227
3.4061875343322754
4.369075059890747
3.3460841178894043
3.7153632640838623
3.276165723800659
3.675610065460205
3.5229475498199463
3.2428367137908936
3.8033792972564697
3.630131483078003
3.681830406188965
3.370927095413208
3.266338586807251
3.494260311126709
3.3066954612731934
3.555493116378784
3.2816619873046875
3.681251049041748
3.42881441116333
3.5978341102600098
3.442925214767456
3.392608880996704
3.850040912628174
3.5267748832702637
3.663930892944336
3.193838357925415
3.5446557998657227
3.495983839035034
3.4758212566375732
3.1391406059265137
3.449169158935547
3.2048768997192383
3.7925729751586914
3.663898468017578
3.669910430908203
3.6454784870147705
3.050881862640381
3.476358652114868
3.0460686683654785
3.313572645187378
3.329216241836548
3.0717782974243164
3.147952079772949
3.3622488975524902
4.063512325286865
3.2906148433685303
3.7239670753479004
3.455646514892578
3.3864941596984863
3.2127525806427
3.5751068592071533
3.2928006649017334
3.250169515609741
3.3425567150115967
3.1362907886505127
3.6085081100463867
3.1970510482788086
3.4686639308929443
3.6290783882141113
3.924854278564453
3.4297471046447754
3.3942389488220215
3.522972345352173
3.1064517498016357
3.7466518878936768
3.2037439346313477
3.809340476989746
3.953364849090576
3.5726585388183594
3.5903589725494385
3.564976453781128
3.734598159790039
3.8329365253448486
3.5609004497528076
3.6210508346557617
3.9156992435455322
3.4135894775390625
3.528839111328125
3.4876089096069336
3.7426273822784424
3.6367790699005127
3.9194908142089844
3.7712583541870117
3.835275650024414
3.600097179412842
3.8633885383605957
3.5164618492126465
3.8366246223449707
3.718641996383667
3.4250314235687256
3.978989839553833
3.554753541946411
3.8641021251678467
3.716371536254883
3.946126699447632
3.9649877548217773
4.33809494972229
3.644361734390259
4.064497709274292
3.7967000007629395
3.8836772441864014
3.874326705932617
3.9830286502838135
4.295588970184326
3.7398159503936768
3.732095241546631
4.107144117355347
3.9992992877960205
3.9260520935058594
3.9707224369049072
3.927138328552246
3.787841320037842
3.92976450920105
4.198909282684326
4.3215556144714355
3.9843287467956543
4.3935699462890625
4.211992502212524
4.298944711685181
4.3455729484558105
3.950807809829712
3.9041388034820557
3.9120750427246094
4.2239744663238525
3.8085923194885254
3.951306104660034
3.288865804672241
3.0143966674804688
3.1208181381225586
3.0602574348449707
3.0173299312591553
3.3225350379943848
3.154127836227417
2.976318836212158
3.2909626960754395
3.6397924423217773
3.347445249557495
3.48946475982666
3.220698595046997
3.3587028980255127
3.1857640743255615
3.1804544925689697
3.3592722415924072
3.0921831130981445
3.3982951641082764
3.3242745399475098
3.4670212268829346
3.2948060035705566
3.1617515087127686
3.1615216732025146
3.471874952316284
3.5170958042144775
3.320662498474121
3.181450128555298
3.221813201904297
3.190242052078247
3.2704215049743652
3.232532262802124
3.4273436069488525
3.334453582763672
3.3624613285064697
3.2303099632263184
3.5716054439544678
3.4957358837127686
2.9268569946289062
2.9568865299224854
3.2201154232025146
3.209296464920044
3.2121875286102295
3.203434705734253
3.5187082290649414
3.201645851135254
3.385838747024536
3.2530710697174072
3.102001190185547
2.9035613536834717
3.5525035858154297
3.083265542984009
3.440484046936035
3.4739737510681152
3.2044591903686523
4.1236913204193115
3.2671470642089844
3.515031576156616
3.3629770278930664
3.322228193283081
