6.9451963901519775
6.329846620559692
7.251399040222168
7.328014135360718
6.659278154373169
6.571069717407227
7.839004993438721
6.1747705936431885
6.826926946640015
6.871225357055664
7.469123840332031
6.511954069137573
7.6428892612457275
6.749238729476929
6.384297609329224
7.392113447189331
7.339149713516235
7.393693208694458
7.148356199264526
7.0031468868255615
6.61986231803894
8.792945384979248
6.834394216537476
7.242940425872803
7.434610843658447
7.6752259731292725
7.184551000595093
7.343939542770386
6.719510316848755
7.513118743896484
7.33613133430481
7.296192646026611
6.885386228561401
6.773258209228516
7.600194215774536
7.338952541351318
7.090252637863159
6.972315311431885
6.976611852645874
7.188697338104248
7.078881740570068
7.9790358543396
7.949272155761719
6.506572961807251
7.355590105056763
7.0244433879852295
6.396538257598877
6.620229244232178
6.953296422958374
6.57463812828064
6.661043167114258
8.225486993789673
6.822108745574951
6.812593698501587
7.254572629928589
6.46963906288147
6.898112058639526
6.499311208724976
6.512321472167969
6.460388660430908
7.728207349777222
7.3015007972717285
6.686844110488892
7.039232969284058
7.254323959350586
6.783765077590942
6.913609743118286
6.828244686126709
6.4310925006866455
6.908026695251465
8.319184303283691
6.647766351699829
7.235462665557861
7.3007025718688965
7.593618392944336
7.922790050506592
7.6944663524627686
7.631790637969971
7.118598461151123
7.480550765991211
8.968177795410156
7.6471967697143555
7.501160621643066
7.5954506397247314
7.457420587539673
7.7174787521362305
6.888867139816284
7.712329626083374
8.073616743087769
7.962468385696411
7.495489597320557
7.551490783691406
8.272604703903198
7.759302139282227
9.219167232513428
9.495418548583984
10.677368879318237
8.36021637916565
8.815598487854004
8.759284496307373
9.271564722061157
9.390301704406738
8.768113613128662
8.199393033981323
8.555951833724976
7.778105974197388
8.119297981262207
7.40239691734314
8.358673572540283
8.303862810134888
9.136891603469849
10.765949487686157
8.90364694595337
7.75943922996521
8.449549198150635
9.193138599395752
9.160228252410889
8.516908407211304
7.911028146743774
7.892315626144409
7.539474964141846
8.129013299942017
8.376840114593506
8.011317491531372
8.249601125717163
8.226937532424927
8.525484085083008
8.309791088104248
8.229727029800415
7.6769773960113525
7.825281620025635
16.082377433776855
8.220940589904785
6.972588777542114
6.569303274154663
12.435978412628174
6.43263578414917
6.868393421173096
6.805401802062988
7.706583261489868
6.089502573013306
7.068480730056763
6.473551988601685
6.764956712722778
6.718378782272339
6.147004842758179
6.0369133949279785
6.785702228546143
6.19403862953186
6.277178525924683
6.744901657104492
6.409055233001709
6.272977828979492
6.76401162147522
6.739307880401611
6.390092372894287
7.5966455936431885
7.02756667137146
6.562981843948364
6.788912296295166
6.6516406536102295
6.422353029251099
6.606542348861694
6.811198711395264
6.520809888839722
6.672964334487915
6.822801351547241
6.835913896560669
6.778130292892456
6.346771001815796
6.310816287994385
9.172425985336304
7.270029544830322
6.7792768478393555
7.891619682312012
7.138844013214111
6.464595794677734
7.3254358768463135
6.6093995571136475
6.609654664993286
6.356316328048706
6.806304693222046
6.751580238342285
6.2268431186676025
6.688790321350098
6.286287069320679
6.790051698684692
6.558936834335327
6.641965866088867
6.0255348682403564
7.1586761474609375
7.204500913619995
6.629187107086182
